[GIN-debug] [WARNING] Creating an Engine instance with the Logger and Recovery middleware already attached.

[GIN-debug] [WARNING] Running in "debug" mode. Switch to "release" mode in production.
 - using env:	export GIN_MODE=release
 - using code:	gin.SetMode(gin.ReleaseMode)

[GIN-debug] POST   /api/image/by-classes     --> dogfound/api.getImagesByFeatures (4 handlers)
[GIN-debug] GET    /api/image/:name          --> dogfound/api.getImage (4 handlers)
[GIN-debug] Listening and serving HTTP on :5000
Apx_B
Apx_B
Apx_B
Apx_B
Apx_B
Apx_B
Apx_B
Apx_B
Apx_B
Apx_B
Apx_B
Apx_B
Apx_B
Apx_B
Apx_B
Apx_B
Apx_B
Apx_B
Apx_B
Apx_B
Apx_B
Apx_B
Apx_B
Apx_B
Apx_B
Apx_B
Apx_B
Apx_B
Apx_B
Apx_B
Apx_B
Apx_B
Apx_B
Apx_B
Apx_B
Apx_B
Apx_B
Apx_B
Apx_B
Apx_B
Apx_B
Apx_B
Apx_B
Apx_B
Apx_B
Apx_B
Apx_B
Apx_B
Apx_B
Apx_B
Apx_B
Apx_B
Apx_B
Apx_B
Apx_B
Apx_B
Apx_B
Apx_B
Apx_B
Apx_B
Apx_B
Apx_B
Apx_B
Apx_B
Apx_B
Apx_B
Apx_B
Apx_B
Apx_B
Apx_B
Apx_B
Apx_B
Apx_B
[1632811842000 1632850751000 1632762993000 1632763571000 0 1632578009000 1633424326000 0 0 0 0 1632674668000 0 1633423369000 0 0 1632763860000 1632763859000 1633421256000 0 0 0 0 1632812434000 0 1632812895000 1632814358000 0 1633423096000 0 1632813125000 1632816202000 1632816474000 1632817862000 0 0 0 0 1632820918000 1632822227000 1632823168000 1632814593000 1632848411000 1632849135000 1633422105000 1633421752000 1632813045000 1632813371000 1632813540000 1632814254000 0 0 1632814881000 1633421669000 1632816414000 1632817417000 0 1632817621000 1633423945000 1632819488000 0 1633419603000 1633419062000 1632851539000 1633421033000 1632852481000 1632852653000 1633423396000 1632813178000 0 1632813860000 0 1632815865000 1633424438000 1632815826000 1632815883000 1632816491000 1632817250000 1632817575000 1632817886000 1632818045000 1632820954000 1632820958000 1632819130000 1632821033000 1632823124000 1632823660000 1632823708000 0 1633424389000 1632850013000 0 1633424218000 0 0 0 0 1633421022000 1633420035000 1632727277000 1632727102000 1632764509000 1632726635000 1633424751000 1633419107000 1632726696000 1632726485000 1633424056000 1632763426000 1632727908000 1632727688000 1632727668000 1632763191000 1632763620000 1632763248000 1632732600000 1632733596000 1632726011000 1632724992000 0 1632727869000 1632725087000 0 1632730068000 1632732828000 1632733745000 1632725046000 0 0 1632732809000 1632725288000 1632725766000 1632727842000 1632724976000 1632725629000 1632726428000 1632727569000 1632730534000 1632731997000 1632725633000 1632732349000 0 0 1632811625000 1632812142000 1632815137000 1632814325000 1632812928000 0 0 1632725646000 1632812275000 1632812319000 1632812580000 1632812668000 1632812932000 1632817731000 1632816423000 1632813206000 1633331518000 0 1632729287000 1632814248000 0 1632816138000 1632815741000 1632811947000 0 1632813472000 1632817163000 1632816199000 0 0 0 1632815169000 1632814139000 1632814023000 1632812350000 1632812947000 0 0 1632817496000 1632815871000 0 1632726748000 1632726192000 1632726401000 1632728601000 1633333103000 1632726520000 1632726120000 1632730501000 0 0 0 1632725615000 1632726645000 0 1632725562000 1632726382000 1632726923000 1632726174000 1632729535000 1632726247000 1632726306000 0 0 0 1632727316000 0 1632730137000 1633331743000 1632728704000 1632728699000 0 1632730143000 1632896763000 1632897080000 1633331162000 0 0 1632921170000 0 1632921312000 1632921367000 1632921416000 1632921462000 1632921509000 1632921566000 1632921616000 1632897071000 1632921667000 0 1633329784000 0 1632897360000 1632897362000 1632898012000 1633329786000 1632897077000 1632898021000 1633329792000 0 0 1632898095000 1632898096000 0 1632898186000 1632896766000 1632898266000 1632898270000 1632898587000 1632898597000 0 0 1632898930000 0 0 1632899003000 1632897078000 1633330466000 1632491848000 0 1632899635000 1632899637000 1632899963000 1632899965000 1632899960000 1632897072000 1632899961000 1632899964000 0 1633330475000 0 1632900045000 1632900048000 1632900050000 0 1632896766000 0 1632900918000 1632901117000 1632901119000 1632901863000 0 1632897406000 1632897079000 0 1632897571000 1632897575000 1632897577000 1633330694000 1632898243000 1632898512000 1632899965000 1632899965000 0 0 0 0 0 0 1633331145000 0 0 0 0]
